Version 0.9.7
5
 4 10 175 77 128 0 1
 5 80 400 206 81 2 2
 0 130 130 877 276 8 3
 1 258 9 206 81 140 4
 3 1043 235 203 58 150 5
 0
29
 16711680 5 71 189 71 189 71 144 71 144 183 144 183 144 0 1 0 3
 16711680 5 326 300 326 300 326 300 326 378 326 378 326 378 0 3 0 3
 16711680 5 495 235 495 235 495 235 495 144 495 144 495 144 0 3 0 3
 16711680 5 573 300 573 300 573 300 573 378 573 378 573 378 0 3 0 3
 16711680 5 71 288 71 288 71 409 183 409 183 378 183 378 0 1 0 3
 16711680 5 703 235 703 235 703 235 703 144 703 144 703 144 0 3 0 3
 16711680 5 781 300 781 300 781 300 781 378 781 378 781 378 0 3 0 3
 16711680 5 352 20 352 20 352 30 241 30 241 300 248 300 0 4 0 3
 16711680 5 274 300 289 300 289 6 371 6 371 20 371 20 0 3 0 4
 16711680 5 261 300 261 300 261 337 495 337 495 300 495 300 0 3 0 3
 16711680 5 287 313 287 313 287 324 508 324 508 313 508 313 0 3 0 3
 16711680 5 521 300 521 300 521 300 534 300 534 300 534 300 0 3 0 3
 16711680 5 547 300 547 300 547 308 297 308 297 20 314 20 0 3 0 4
 16711680 5 560 300 560 300 560 300 560 300 703 300 703 300 0 3 0 3
 16711680 5 371 33 371 33 371 222 508 222 508 235 508 235 0 4 0 3
 16711680 5 352 33 352 33 347 33 347 235 521 235 521 235 0 4 0 3
 16711680 5 534 235 534 235 534 258 716 258 716 300 716 300 0 3 0 3
 16711680 5 729 300 729 300 729 300 742 300 742 300 742 300 0 3 0 3
 16711680 5 314 33 314 33 314 217 547 217 547 222 547 222 0 4 0 3
 16711680 5 333 20 333 20 333 206 560 206 560 222 560 222 0 4 0 3
 16711680 5 768 300 768 300 1089 300 1089 300 1089 279 1089 279 0 3 0 5
 16711680 5 1054 272 1054 272 950 272 950 272 950 378 950 378 0 5 0 3
 16711680 5 273 78 273 78 158 78 158 393 196 393 196 378 0 4 0 3
 16711680 5 273 20 273 20 196 20 196 20 196 144 196 144 0 4 0 3
 16711680 5 677 313 677 313 677 313 677 378 677 378 677 378 0 3 0 3
 16711680 5 599 222 599 222 599 222 599 144 599 144 599 144 0 3 0 3
 16711680 5 573 235 573 235 573 235 612 235 612 235 612 235 0 3 0 3
 16711680 5 352 46 352 46 352 222 352 222 625 222 625 222 0 4 0 3
 16711680 5 638 222 638 222 755 222 755 222 755 300 755 300 0 3 0 3
4
 7008 1 14 489 248 5 0 0 0 3
 7004 1 14 242 248 5 0 0 0 3
 7032 1 14 697 248 5 0 0 0 3
 7008 1 14 593 248 5 0 0 0 3
